43225
43237
44916
44915
43245
42752
44690
45640
43711
42655
43725
43236
44205
44208
42741
42522
42523
42521
43945
45168
45149
45655
43708
44200
44425
42995
43959
42759
43705
42996
45633
42746
43710
42271
44435
42517
42029
42754
45650
42509
45402
42524
44926
42516
45873
42502
45398
42525
43709
44909
43250
43465
42518
43704
43483
43484
44448
43723
42041
43227
44683
43721
42040
43703
42504
42016
44688
43950
45639
42017
43001
42753
42035
44426
44183
45151
43003
42764
43486
41932
43952
43008
42514
45632
45538
42023
44917
43958
44187
45156
44434
42761
43244
42745
42268
42259
44192
42756
42275
43719
43943
42755
44928
44931
42766
42997
45392
42986
43702
44443
43485
42019
42993
45391
44191
42261
45634
45414
42280
44686
43243
44907
43234
43009
42519
42520
42515
43242
44446
44447
44924
45165
42021
42272
42274
42266
42270
43006
42032
42260
42263
42279
42262
44185
44199
44685
44920
45397
42992
45654
42281
42503
42033
45875
42036
43942
43464
45651
43239
43960
42742
45656
45170
44918
44441
42987
42018
42269
42276
42277
44427
42273
44925
42258
42256
44445
45652
44908
44910
44927
45891
42760
42751
43466
42499
43963
44689
42501
44929
43718
43712
43722
43717
43707
44432
43706
43724
43240
43241
43238
44930
43235
43720
44684
44687
44682
43701
43249
43248
44194
42511
42026
44433
45412
42037
43223
42038
45407
45410
42750
42758
42757
42767
44676
42765
42282
43002
44678
44667
44673
44674
44677
44668
44675
44669
45649
45653
42015
42024
42025
42500
44206
42022
42020
42030
42039
45172
45171
42512
42510
42513
43944
44442
44437
44444
44193
44197
44201
44207
44449
44202
43949
44436
43946
43966
43965
43947
43951
43964
43961
44195
44196
45894
45885
42283
42031
43480
43479
43224
43228
43476
43469
43467
43468
43481
43482
43470
43226
45897
42744
42743
43007
42984
42994
42991
42999
42985
42998
42988
42983
43000
45161
45166
45167
45169
45157
45150
45148
44186
45895
44182
45896
44184
45893
45890
45880
45892
45874
45413
45408
45409
45411
16025
16746
18064
19514
17471
17470
16748
17822
17581
46374
46138
47326
49491
49518
46131
47092
49276
49027
46494
49025
48179
47573
47574
47577
47575
48049
47941
46134
46137
49268
46842
46116
46615
46616
47456
47564
47563
47566
46617
50002
46126
47567
47565
48420
48544
49520
46989
46120
49028
50004
47576
46599
49754
48289
49515
48314
46859
47322
49144
49010
49757
48290
49009
48288
49864
46855
49622
46860
46114
46117
46618
47323
48045
46619
46620
47940
46621
46841
49275
48061
49761
46378
49516
47457
47938
49512
48661
46369
49521
49733
48787
48789
46127
49755
48797
48662
48301
46858
46613
47318
49271
49381
46377
46601
46611
50001
47229
47319
47324
47218
49273
46602
49384
48424
49995
49511
49278
46356
47084
46121
48796
48047
46115
49029
48665
49975
48286
46495
48552
48660
48664
49621
48545
47804
49862
49519
48313
46133
49035
47697
46883
48285
49997
49999
49732
50003
49036
49623
49274
46595
49143
49279
49269
48046
48304
49272
46355
47562
48423
47078
49863
49760
49267
46839
49514
49026
49039
49037
49038
49030
48785
47336
46748
49517
49492
46132
49513
49382
49383
46136
46135
49250
46850
48553
48902
49140
48178
48181
48905
49277
46373
49270
48551
49280
49756
46372
46608
46598
48543
47335
48525
48526
48048
47325
48059
48527
48060
48044
46852
48421
47334
46603
46612
46600
46610
46614
46609
46597
48422
47333
46596
47817
49973
48556
48303
48182
48287
48302
48284
48310
49251
50000
49994
46375
46376
46379
47082
47094
47081
47083
47077
47095
47093
49998
46361
49974
46838
48790
46368
46360
48663
46851
47818
46844
46843
46735
46837
46854
46840
48767
46836
47819
46857
46853
48900
48312
48311
48798
49762
47710
49758
49759
49753
48786
48788
48904
48769
48784
48768
46359
46357
46358
46367
46255
48557
48555
48554
47808
47806
47803
47807
47805
48901
50586
50825
51788
52029
50830
50216
52752
50482
50345
51072
50483
52030
50342
50486
52395
50484
51181
51665
52393
52995
52269
52271
54081
51666
51787
51908
50940
50824
53599
50584
50245
51202
50243
50481
50241
53955
50487
52994
50347
50457
51726
53598
51066
50961
53235
52028
50965
50966
50967
50964
50962
52512
51909
50477
50246
50242
50240
50239
50244
52754
52511
50104
51423
50346
50719
54080
52993
50583
53117
50587
50589
53358
53236
53234
51546
54322
50485
51547
51306
50105
51314
50236
52272
52270
50727
53714
53715
53840
53839
50725
50722
50726
50724
50698
53474
50723
52876
52753
58989
56338
56094
58748
55616
60830
55855
55856
56341
56822
55156
56118
56733
56098
56095
57697
56010
55617
56974
55859
56099
55858
56340
56580
56579
56821
55769
60655
56492
59625
56096
56100
56097
56119
56339
58508
55857
58178
57215
57079
62346
61147
61552
63964
61148
61628
63480
61071
62347
61388
64447
64690
61389
62589
19755
20964
19996
25482
24940
25964
27955
27200
27690
28196
29010
32033
32153
30461
28647
33113
30957
29618
28648
31197
30098
32636
30702
32632
29494
30578
32873
32874
31008
33115
30577
30701
30579
29640
29619
30724
30220
29859
32395
29253
33213
32981
33114
37213
36970
33837
36004
36013
35521
34079
36494
33838
34799
36486
34075
37453
34319
33840
36728
37693
36489
36242
35802
33595
36003
36252
36730
33599
33600
37212
36482
33356
33834
36006
33598
36484
36727
35611
33355
35279
33597
36492
36483
36246
36493
36968
33836
36724
35770
34078
33839
36725
36010
36731
35040
36244
36248
37207
36247
33594
37448
33835
36495
36005
36012
36002
36022
36011
36729
36972
33596
37450
35039
36726
36733
36732
36737
36736
36973
35371
37451
34316
34076
34077
34080
36491
37452
37449
37454
37206
37694
37691
37692
36253
37209
36254
37211
36971
36243
37210
37208
37214
36245
36251
36969
36967
36966
34317
34318
36488
36485
36487
36496
35280
41311
39866
39862
40583
40589
40813
40824
38902
37933
39624
38892
41551
40344
40587
41555
39867
40815
38657
40584
39861
39622
41537
41539
41540
41535
41534
40590
38899
38891
38896
40099
40814
41310
39379
41777
41309
38901
41068
40089
38658
38177
39137
41778
41780
41781
41776
41792
41788
41782
41783
41775
38415
40812
41072
39141
39142
41544
37935
40572
39134
41541
38893
39384
41798
39865
40828
41056
41795
40349
40343
40342
40582
39143
41797
41067
41308
41784
40959
39858
40107
40960
41680
40826
41549
39376
39626
41538
39378
37932
41296
41294
38897
38661
41298
38898
38900
41315
39617
41313
38662
41071
40829
41550
39608
41053
39616
40105
39641
40827
39375
41556
41069
39377
40347
41779
41790
41785
41794
41789
41791
41796
39859
38419
38023
41536
39640
41295
40830
41314
41297
41312
39619
40332
38674
41054
39127
39132
39133
41554
40831
41553
41055
40825
40823
41057
41070
40948
39138
38174
39139
38656
38660
41073
39140
38659
40090
39621
39382
39381
39368
39623
39625
39620
39383
39639
38416
39385
38417
38421
38418
37934
38420
38175
38176
40574
38173
39609
39618
40573
40585
40586
40588
40102
40106
40091
40100
40103
40101
40346
40341
39863
39864
40348
40916
39949
39849
39850
39855
39860
