42268
44192
42026
42024
44437
43485
42266
44907
42033
43702
43718
43703
43710
43725
45156
42751
42767
42283
42282
42280
42281
42993
43240
43239
43249
42509
43237
43709
45171
42521
42031
45170
43704
45398
43242
42741
42743
44669
43944
43946
44682
42998
43465
45172
44684
44199
42766
45402
42517
42256
43481
43724
42518
43723
44201
43467
45634
43001
44206
44920
44686
44205
45397
43942
43952
42995
44187
44202
42987
44685
44442
44687
42519
45391
44425
42038
42754
45880
42035
43225
45157
44196
43469
44427
43708
43476
45652
43719
43002
43959
42744
43480
43007
43707
44197
42742
42525
43236
43951
43949
44449
43479
43945
43468
43482
43466
42262
44925
44930
43003
43006
42277
44436
45650
42041
42764
43228
44676
42746
44688
44689
44910
44191
41932
45890
44917
42022
45409
45897
42015
45632
45655
43235
44683
44183
44441
43712
44690
42985
43706
43000
42986
42994
42984
42271
44182
43963
44184
44186
45873
43250
44675
45639
42032
45633
42270
42753
43470
44447
44200
45885
44193
44194
44207
44195
44928
42515
43464
44432
44678
42263
44208
43234
43244
44915
43245
43238
43224
43241
43248
43243
45392
44677
44185
45413
45875
43008
43009
42983
42991
42996
42999
45410
45891
42522
42523
42992
42997
42655
42524
42520
42988
43483
42516
44929
44931
45874
43486
45892
44908
43705
44918
44924
44916
42514
44926
45538
44909
44927
42757
42272
43484
43950
44443
44446
44445
44444
42023
44435
42765
43721
43722
43711
43701
43720
43717
44433
44448
42259
44674
44673
42019
43943
44668
44667
43947
43965
43961
43960
42030
43964
43958
43966
42040
44434
42037
42016
42017
42021
42018
43226
42036
42020
44426
42025
45649
42039
42029
43227
43223
42501
45651
45640
45167
45656
45654
42276
42269
42274
45150
42258
45895
42273
42275
42260
42261
42279
45653
45894
45893
45896
42512
42511
42504
42513
42500
42502
42503
42510
42499
42760
42756
42759
42755
42752
42745
42761
42750
42758
45408
45412
45411
45414
45407
45166
45148
45165
45151
45169
45168
45161
45149
19514
17581
18064
16025
17470
17471
16748
16746
17822
47805
47941
48526
46136
47083
50001
49995
48663
49756
48557
48527
48420
48545
48552
49974
49864
46134
50003
46358
49383
46600
46748
46602
49757
48900
49621
48556
46859
46860
46839
49521
47325
46621
48061
46838
49755
47092
47808
49622
49278
46131
46372
48665
49009
46132
47564
47565
46356
47563
49492
47456
50004
49279
47562
48553
48554
49520
47567
46373
46138
47566
47457
49513
48902
46135
47082
47093
47084
50002
48798
49025
48769
48790
47326
48786
48788
48785
48796
48787
48789
48784
48797
48768
48767
49999
46116
47576
46595
46120
46857
49512
48289
49517
46843
49515
46615
46852
46374
46355
48182
48901
48905
46620
47577
49381
47319
48422
49030
49038
49994
48423
49276
49143
49271
47710
48179
48544
49761
49029
49754
46255
48661
49997
48310
46842
49267
46121
48904
47333
49028
46618
47804
47806
48551
48543
48525
48424
46854
46375
49759
47697
46133
46137
46376
48664
49280
48662
46377
48660
46378
46379
46616
46617
47081
47077
47095
47078
47094
46619
49026
46989
47575
47574
48313
47573
50000
49998
49518
46612
46115
47335
49010
48555
46596
49519
49516
46883
49514
49863
49975
49511
46359
46126
48060
48047
48046
48044
49973
49862
49027
47323
47803
47807
49039
48284
48285
48302
48314
48304
49491
48301
47817
48303
48311
48286
47818
47819
48312
48288
48287
49623
48290
46613
46127
46114
48045
46599
46117
47940
48059
48048
47938
48049
49270
47324
47334
46598
49035
47336
46614
48178
48181
49037
49036
49733
49732
49382
49384
48421
46357
46369
46360
46361
46368
46367
47318
47229
47322
49762
49760
47218
49251
49758
49753
49275
49273
49274
49272
49269
46836
46601
46610
46603
49268
46608
49277
46597
46611
46609
46494
46495
46850
46837
46735
46851
46855
46844
46858
46841
46840
46853
49250
49144
49140
52272
50584
53598
50345
53358
53234
50484
50240
53955
50477
50347
50342
50346
50961
51665
53714
50722
50698
50726
50962
51202
51666
52876
50242
51314
52754
52395
52030
50723
52029
51547
52393
52993
51909
51066
52512
52994
52271
52270
52269
50246
50241
50825
51306
53715
53839
53840
50966
50967
50964
50965
51546
52995
53117
52511
52028
50940
50824
50830
52753
52752
51787
53235
50245
54080
54081
51423
50105
53474
51908
51788
50243
51072
53236
54322
51181
50244
50239
53599
51726
50216
50104
50236
50727
50586
50724
50719
50725
50486
50583
50587
50589
50481
50485
50482
50483
50487
50457
55856
55857
57079
56098
56094
56099
56100
56492
56339
55156
56822
56095
56119
55859
56974
60655
56097
56096
58178
56118
56821
55616
57697
57215
56340
59625
60830
55617
56733
58748
55855
56338
55858
58508
56010
56579
56580
56341
55769
58989
63480
61147
64447
62346
63964
61388
62589
64690
61628
61389
62347
61148
61071
61552
20964
19996
19755
27955
25964
27200
24940
25482
28196
27690
30702
29494
32981
30724
29640
32873
33115
32153
31197
32874
30578
32033
30220
29253
29010
30098
30957
32395
33113
33114
29619
29618
29859
31008
30577
32636
30579
32632
30701
30461
28647
28648
33213
37451
34319
36496
34799
36004
37206
36244
36968
36253
37209
33835
36970
36254
36967
36493
33598
36495
34317
33355
33840
34316
37693
36005
37453
36483
36247
37691
35802
35521
33837
36724
36010
36728
33836
35770
36972
37452
36002
36494
36732
36486
37213
36491
37211
37212
37210
37208
37214
37207
37450
36733
36006
36489
36011
36003
36973
37448
37454
37449
36246
33356
36022
36012
36013
36248
36243
36245
36242
36251
34079
33600
36727
33599
36252
33597
33594
33596
33595
35371
36969
35611
36966
36971
35040
37694
35039
37692
36725
36737
36729
36731
36730
34080
36736
36726
36485
35279
36488
35280
36484
36492
36487
36482
34076
34075
34077
34078
33839
33838
33834
34318
41540
38902
38175
38416
38420
39142
38415
41778
41791
40100
40105
41789
40106
39861
40948
41055
41312
41295
39140
39127
39133
39134
38897
38891
38893
38899
38662
38661
39385
41072
39858
40091
40823
40341
38659
39624
39640
39383
40586
39368
41797
40583
40589
40587
41785
38900
39132
39618
40107
39619
40348
39621
38176
41073
40099
40588
38896
39862
41556
39622
39623
39617
41315
39641
39616
41308
41795
41056
39609
38892
41776
38901
41784
41554
40582
40584
40574
40812
41553
39625
38657
40828
39139
40959
39143
38421
41780
40090
37935
41783
39620
40101
41296
39639
38658
39626
40827
41297
37932
40089
40826
39850
41680
41777
40573
40585
40572
40590
38898
38419
41309
39384
39949
39141
39138
39863
39608
39864
41555
41796
41068
41294
41790
39865
41782
41781
40825
41539
41775
41549
41551
40830
40831
40824
40829
41550
40102
40103
41788
40916
40342
39378
41314
41310
38174
38177
41313
41311
41298
38173
41794
41779
38417
41792
41798
38023
38418
41534
39867
39866
41538
41537
41536
41541
41544
41535
38674
37933
38660
38656
39137
41057
41067
41054
41070
39375
39377
41069
39381
39382
39376
39379
41053
41071
40960
40815
40813
40814
37934
39860
39849
39859
39855
40332
40346
40347
40343
40344
40349
