42022
44437
44193
45412
43952
43950
43951
43718
42983
42511
43708
43722
43706
42514
43707
43720
44187
44446
42764
43717
45172
43723
42766
42758
44206
45895
43008
43244
43236
43007
44683
43226
43224
45161
44186
43003
42499
45157
42502
44444
45398
42996
42755
42742
42263
42277
42259
42260
44685
43485
44677
44918
44909
42035
45885
45880
43235
45169
45890
45891
45874
45875
45873
45892
44929
44435
45407
43249
42751
44668
44197
44930
43240
44669
43963
43960
43945
42016
45167
44183
44908
42024
44910
42993
44201
45156
44185
43964
43467
45168
43234
44432
42765
43965
43709
42753
42988
45414
43958
42756
42280
42750
42262
42746
43470
44434
42256
42754
43245
44194
45894
42020
44684
43959
42985
44678
44690
43483
43225
42997
42999
44442
42039
44931
43712
44928
42761
42745
42261
45634
44687
45397
43241
43000
43009
42767
43239
42998
42040
42517
43961
42521
42760
42759
42752
42038
43966
42757
43486
43947
43484
45408
42741
42655
42743
44182
43725
44676
42744
45151
45166
43468
44184
42513
43942
45165
45148
45150
43243
43721
42041
45149
42518
43702
44426
45171
43711
43223
42031
44425
43724
43701
43719
43705
43710
43949
43704
43227
43946
43944
43703
45170
43228
43481
43943
44427
44441
44433
44445
44449
45651
44443
44436
44448
42018
44447
42987
44925
45392
43001
42994
45413
42995
43002
43006
43250
42984
42986
43237
42991
42992
45409
45411
43242
45391
45402
42516
45410
45655
44917
43238
43248
42504
44191
42519
44673
44674
44667
42522
42524
44907
42523
42525
42515
42520
44675
44199
42030
42026
42500
42509
42501
44915
42510
42503
44920
43480
42021
45893
44192
43476
42512
44200
45633
43482
44195
45896
44196
44202
44205
45632
42029
44207
42033
45538
42019
42023
45897
42036
44924
42037
43464
44927
42017
43465
44926
43479
44916
44208
42015
42025
44689
41932
44688
44686
44682
42032
43469
43466
45656
42281
42283
42258
42282
42270
42271
42273
42266
42269
42272
45650
45649
45653
42276
42268
42279
42275
45640
42274
45652
45639
45654
19514
17470
16025
16748
16746
17822
17471
17581
18064
46379
46374
46375
48797
48665
48663
49521
47326
46138
46126
46853
46850
47574
47576
49009
48288
48304
48047
47805
48527
48182
49732
49862
48061
46852
47325
49733
46857
46120
49492
49268
46114
47094
49273
49512
49028
49026
49036
49025
46618
46616
46621
46615
46619
46620
46617
46359
48178
49382
48422
47093
49278
46368
47078
46735
47817
46844
49975
48787
46842
46840
46851
46603
46854
46609
46608
46858
46837
49270
48311
46841
46117
47457
48661
46989
47564
48060
46255
49621
49520
49994
46859
48785
49997
47710
47082
46843
48664
48553
49269
49251
47218
46358
49623
49622
48552
49995
46855
48179
49275
48900
49864
49516
46748
49998
46838
46839
46361
46836
49276
47323
49755
49762
47229
47081
48284
46135
47336
46360
49973
48662
50000
46121
46127
46116
46115
48303
46131
49758
49250
47095
46378
48290
49517
49010
49515
47083
47092
48902
46597
48048
47940
48420
47077
47334
47335
47333
49027
48557
47084
46367
48660
46377
46376
48786
49383
46137
46373
47941
47819
47808
49144
49143
49140
47577
48556
48045
46599
48554
49267
49511
48525
49760
48790
49513
48044
49518
49514
48059
48046
48313
49519
48049
47938
48314
48181
48421
49974
46860
46883
47318
47818
47322
47319
48289
47324
48286
48301
49863
47803
50003
48302
48287
46133
49280
46134
46132
48310
46136
49274
49272
49039
48285
49491
49381
49037
48901
48905
49277
48904
49271
48544
48789
46357
49384
49756
49035
46369
49030
48796
48788
49029
48798
46601
47456
46356
48551
48784
46355
49279
48526
46372
48545
48543
48769
47565
46613
47563
48767
47807
48424
48423
48555
47567
47566
47562
47806
47804
50001
49038
47575
48768
47697
50002
46598
49999
46600
47573
46612
49761
46611
49759
46610
49754
46614
46602
48312
49753
50004
46595
49757
46495
46494
46596
50482
51072
51181
51202
51726
51546
51306
51788
51787
53714
52512
50345
50244
50246
53839
52752
52272
51423
50964
50961
50967
50966
50962
50940
50727
50457
53474
50726
50484
50487
53715
50724
51909
50105
50483
51547
50342
50347
50346
50481
51908
51314
50239
52395
50104
50965
52269
53235
53599
53840
50825
52995
53117
52511
54080
54081
53955
52393
53598
51066
50486
52270
50477
50485
52271
50216
50245
50243
50241
50242
50830
50240
50824
53358
53234
51666
50236
51665
50698
50719
52754
50589
50586
50722
50725
54322
52028
52876
50723
50584
52753
50587
52993
52994
52030
50583
53236
52029
56340
56339
58508
55617
57215
56974
56100
58748
56097
55855
55856
55857
57697
55859
56580
60830
57079
56579
56492
58989
56098
56119
60655
55616
56010
56338
56341
59625
56821
56822
55769
56733
56118
56094
56099
56095
56096
55858
55156
58178
63964
62589
64690
61628
63480
61147
61148
61071
61552
61388
61389
64447
62347
62346
20964
19755
19996
28196
27200
25482
25964
24940
27955
27690
33213
32981
29253
33113
33115
31197
32636
32153
32033
28648
28647
29618
29619
29640
30578
31008
30098
33114
32874
30579
30702
29859
29494
32873
30220
30577
30701
32395
30461
32632
29010
30957
30724
36487
36493
33838
33596
36730
36729
33840
33834
36972
36243
36253
36247
34799
37209
33594
36484
35280
37211
36724
36971
34316
35039
37454
34318
37691
37212
36492
34079
34077
34076
34078
34080
34075
36486
37451
36251
36246
36003
33836
36966
36732
36013
36483
35802
36482
33599
36726
35371
36022
36005
35279
36727
37693
36494
35040
35611
36248
36252
36245
36254
36244
36242
34319
36725
36733
36728
37694
36736
36737
37210
36731
35521
33356
34317
36496
36495
36491
36489
36485
33600
33597
33598
33595
37213
33837
36488
33835
33839
36011
36968
36973
36010
36004
36012
37692
37206
36006
37207
37208
37214
36002
37450
37449
37452
37453
36967
33355
35770
36970
36969
37448
38657
40332
39608
39616
40823
40824
39639
40827
39127
39640
39143
39139
39384
40829
41540
40103
40574
40090
41072
40091
38417
41070
41069
39859
39850
39855
39858
39860
41536
40959
39134
39849
41054
39625
38661
39383
40089
41312
39617
41053
41057
41055
41056
41067
41068
41680
40960
39377
40948
40349
41310
40573
41555
41315
41294
41553
38892
40828
39381
40100
41550
40815
40099
39619
40107
38416
40102
41539
39141
40587
38896
40101
41534
41311
39618
38901
40105
38900
39140
38893
41785
41556
41544
41551
39137
39132
39133
40825
38415
38418
38177
41549
41554
40341
39609
37935
41541
41537
41538
41535
38173
39623
39862
39866
40831
40826
40830
38175
41775
40586
41783
41784
41790
41309
40590
39641
38891
40346
41071
39626
41776
41798
39622
41073
41296
38420
38421
38899
38902
38898
38897
39624
40344
40348
38419
40347
40343
40342
38674
38660
41308
39621
39620
40106
41314
41295
40582
38658
40572
38023
40585
40589
38656
40814
38662
38659
40583
39142
40584
39385
40916
39138
40813
39865
39864
39863
39867
38174
39861
41313
38176
40588
40812
41297
41298
37933
37932
39949
41796
37934
41781
39382
39376
41779
41780
41782
41791
39379
39375
41788
41795
39368
41777
41778
41797
39378
41789
41792
41794
