44928
45891
42514
44184
42519
45391
43722
43712
43701
43708
43724
45413
45410
43717
44449
43709
44437
45885
45880
44447
45892
43464
43476
43479
43482
42256
43481
42276
42277
43470
42986
42987
43467
43006
43000
42741
45170
45171
45172
43008
44200
44193
44206
44202
44208
44197
42999
44916
44918
42517
43227
43228
45651
42752
44924
42515
43466
43718
44925
44926
44920
44917
44915
44910
44908
44927
44909
45407
44907
42261
44432
45895
43465
45893
43704
43480
45409
45890
45873
42016
45408
42524
42525
42522
45402
45874
42020
42520
44687
44675
42263
45652
43242
42262
43224
42510
45875
43248
44674
43245
44667
42024
45398
44444
42754
44186
43249
44199
42269
43485
43238
43468
44435
44185
43486
44676
45655
42760
42766
45633
42511
44425
45653
42513
42753
42983
42499
43250
43959
42030
43469
43951
44443
44678
44427
43946
43237
42997
43001
42266
42991
42500
45392
43223
42026
45397
44669
42268
42521
42523
42518
42516
43950
42765
44685
42501
45148
42023
43707
42757
45538
45634
45632
42275
45654
42509
42988
42512
42502
42998
42504
42503
42280
44426
44194
44201
44196
44205
44192
44191
44195
44207
44434
45897
43945
43243
45894
44433
43226
45149
42018
45896
42761
42272
42273
43964
43225
42035
42271
43002
43009
42274
42258
44677
44673
42260
43711
43706
43720
44668
45412
43705
42995
43007
45411
42984
43710
43003
43723
43703
42996
42994
42985
42993
42992
43719
43721
42743
43702
43725
42655
45414
42279
42259
42744
42742
44187
44183
44182
42270
42745
43966
45165
42751
42756
42746
45656
44931
44929
42750
45639
45650
45640
45649
43963
44930
42759
42755
42767
42764
42758
44446
44441
44436
44448
42283
42022
42015
42017
42021
41932
42019
42029
42025
42041
42036
44442
42033
42038
42040
42039
42032
42031
42037
44445
42282
43484
42281
43483
43947
43944
43952
43965
43958
43942
43943
43949
43961
43960
44686
44683
44690
44688
44684
44689
44682
45167
45161
45157
45169
45150
45151
45166
45168
45156
43236
43234
43241
43244
43239
43240
43235
17581
17471
17822
16746
17470
16025
18064
19514
16748
48555
49520
49511
46114
48423
48553
47566
49275
48789
47456
46377
47567
48178
47563
46357
48424
49998
48902
48900
48663
49758
50004
49271
48284
46116
47819
49863
48046
46859
47575
46599
47077
48059
48301
49276
47574
48660
47697
46115
48288
49270
46376
46883
46840
48286
46358
48905
49623
46494
46597
49143
46601
46602
46603
46609
48785
47803
48798
49513
46255
48048
47564
47565
49518
46127
46495
49273
48289
49762
46126
48287
49381
47805
47807
48525
48302
49999
49144
48290
47084
46135
46613
48527
49491
46614
47319
48767
49975
46850
48312
46612
47094
46359
49514
49010
46379
46373
46374
46375
46378
48044
46841
47562
49492
49621
47457
46610
48554
49973
46836
46598
48557
46839
46138
46360
48311
46131
46844
46361
46619
49026
47336
48045
46618
46600
46596
46611
46608
46595
48179
49140
46620
49516
47941
46132
47333
46860
49009
49997
48769
46134
47083
49757
48796
46851
47335
48787
49025
49037
46854
47325
49519
48904
48901
48314
46367
49028
47818
49035
48313
46843
46372
47326
50001
46857
47092
47577
47078
46616
49027
46369
46855
49974
48061
46748
49761
48047
47938
46842
46837
46838
48049
49274
48060
46858
46368
46852
46356
46355
49280
46735
46853
49279
49760
49278
47940
49277
49272
47334
49267
49755
49268
48544
49269
48551
48545
49756
48526
48543
48552
49753
50000
47322
47323
49759
47318
47218
47324
47229
49754
49862
49864
48664
48665
49995
49994
48662
48661
50003
48768
48556
48303
50002
49039
46120
46117
49250
49251
49622
49384
49382
47806
49383
46136
46121
49515
49517
47093
49521
49512
46133
46137
47808
47081
47710
47804
49036
49029
49038
49030
47082
46989
47095
48788
48790
48786
48797
48784
48420
48422
48421
48304
48310
48285
48182
46617
46615
49732
49733
46621
47573
47576
47817
48181
50342
50241
50105
52511
52028
50240
50483
53598
53358
51726
52512
53839
53840
50346
50485
51547
51202
50698
50586
50345
50722
50242
50244
50964
52395
52271
52270
50830
52029
50967
50966
50481
53714
52272
52393
51909
51072
50216
53117
51314
50246
50724
50245
51423
52753
52754
53235
53236
52752
53234
52994
50243
51181
50239
50723
53715
50487
50486
50484
50347
50457
50587
50583
54322
50477
50482
50584
50589
52269
51306
53599
52995
52993
50965
50962
50961
50940
50825
50824
50104
53474
50236
51546
52030
50725
50727
50726
50719
54081
54080
53955
51066
51908
51787
51788
51665
51666
52876
56119
56096
60830
56340
56118
56580
56099
56010
58508
57079
60655
56100
58748
56339
55856
56094
55855
56338
55857
56733
55617
56974
56341
56821
56097
55156
56579
56098
56095
57697
56822
58989
55769
55859
55616
59625
55858
56492
58178
57215
61147
63480
61148
62347
61071
61388
64690
62589
64447
61552
63964
62346
61628
61389
19755
20964
19996
27690
24940
27200
25964
28196
25482
27955
30702
30098
29618
28648
32033
29010
29253
30578
33115
31008
32153
32874
32873
33113
30579
31197
28647
29640
32395
29859
29494
33213
32636
30577
30701
32632
29619
30957
30461
30220
30724
33114
32981
36969
35040
33597
37448
37449
37453
36012
37451
37452
37450
37454
34799
37694
35039
36728
36732
36010
36737
33594
36494
36487
34076
36247
35802
37213
33356
36011
35611
36004
36254
33595
35521
35371
36726
33836
37208
36003
36013
33598
36252
34319
36971
35280
34316
37212
33834
36005
36022
33600
36002
36006
36246
33838
33837
37693
34079
36727
33835
33839
36724
36729
33840
34317
33355
36725
36733
36253
36730
34078
36731
36482
36736
36243
36242
36245
36248
36244
36251
34075
36496
35279
33599
33596
36485
34318
36491
36486
36967
36966
36970
36483
36968
36484
36489
36495
36493
36488
36492
37211
37207
37214
37209
37692
37210
37206
37691
34080
36972
36973
34077
35770
41795
41790
38415
38417
40959
41072
41073
38175
40344
40347
39133
41295
41298
39616
38893
39143
40343
39639
40960
41792
39138
41296
40099
41057
39623
41539
40341
39625
40829
40831
40827
38419
39608
40573
39861
40332
40346
40916
41788
40107
39139
40101
41779
41310
41550
41534
40813
39385
41294
40824
37933
40948
39376
39375
40590
40828
40826
40823
40589
39609
40830
40825
41776
41070
39855
38658
39624
41055
41538
40103
40585
40574
41535
40089
39377
38418
41680
41783
39381
41540
40812
39383
40814
40815
39134
38177
39382
41549
38174
40586
41312
39863
41309
41789
41071
38023
41054
39127
38900
38420
39620
38416
38421
39621
39626
39862
39641
39640
39622
38173
39617
38660
41554
39618
39619
39384
39132
38176
40105
41541
41537
39142
41536
41544
41778
39140
40349
40348
39137
40342
38899
41068
41067
41056
41069
38901
41053
38902
38898
40588
38896
38897
38891
38657
38892
38656
38662
38661
38659
40583
39141
39865
39864
39867
41297
41782
39866
41784
41308
41314
41785
41775
41780
41777
41781
40090
41315
40102
41311
40091
41796
41313
41797
40100
41798
41794
41791
40587
40582
40572
39858
39849
39850
39860
39859
40584
37932
37934
38674
39368
37935
41551
41553
41555
41556
39378
39379
40106
39949
